id,filePath,time,roll,pitch,heading,x,y,z,deltaRoll,deltaPicth, deltaHeading, deltaX, deltaY,deltaZ
0,Img//img0.jpg,54.555,4.5753346,-9.7692539,-156.9745397,1.036,-1.653,-0.089,179.934,-0.343,-89.902,0.003,0.018,-0.112
1,Img//img1.jpg,58.559,-7.9101578,-8.4416176,-18.4321588,1.074,0.214,-0.103,179.934,-0.343,-89.902,0.003,0.018,-0.112
2,Img//img2.jpg,61.562,-0.3049665,-6.2020602,142.3259231,0.800,-0.897,-0.082,179.934,-0.343,-89.902,0.003,0.018,-0.112
3,Img//img3.jpg,62.563,4.1219107,-7.6482687,-167.3864255,1.011,-1.889,-0.076,179.934,-0.343,-89.902,0.003,0.018,-0.112
4,Img//img4.jpg,64.565,-0.3245428,-10.2530079,7.0699531,-0.107,-1.776,-0.071,179.934,-0.343,-89.902,0.003,0.018,-0.112
5,Img//img5.jpg,66.567,-2.1768412,-14.9480917,20.8668304,1.128,-0.165,-0.060,179.934,-0.343,-89.902,0.003,0.018,-0.112
6,Img//img6.jpg,71.572,0.4801459,-4.8682051,163.8000851,0.825,-1.700,-0.104,179.934,-0.343,-89.902,0.003,0.018,-0.112
7,Img//img7.jpg,74.575,-0.7512840,-8.8073914,31.5105257,0.178,-0.640,-0.076,179.934,-0.343,-89.902,0.003,0.018,-0.112
8,Img//img8.jpg,76.544,-10.3496347,-10.6969662,-32.6704380,1.121,0.580,-0.072,179.934,-0.343,-89.902,0.003,0.018,-0.112
9,Img//img9.jpg,79.547,-3.6494875,-8.1814515,147.2175984,0.180,-0.334,-0.075,179.934,-0.343,-89.902,0.003,0.018,-0.112
10,Img//img10.jpg,81.549,3.6160793,-13.0215530,-131.4328596,0.678,-1.971,-0.075,179.934,-0.343,-89.902,0.003,0.018,-0.112
11,Img//img11.jpg,84.552,-5.8133990,-9.9670258,27.0105862,0.892,-0.493,-0.101,179.934,-0.343,-89.902,0.003,0.018,-0.112
12,Img//img12.jpg,86.554,-4.6694714,-15.4624107,-92.7150225,0.907,0.932,-0.075,179.934,-0.343,-89.902,0.003,0.018,-0.112
13,Img//img13.jpg,88.556,-4.2123281,-9.4067365,155.0822423,0.236,-0.223,-0.100,179.934,-0.343,-89.902,0.003,0.018,-0.112
14,Img//img14.jpg,89.557,1.1707660,-6.2681082,150.5885246,0.606,-1.166,-0.077,179.934,-0.343,-89.902,0.003,0.018,-0.112
15,Img//img15.jpg,94.562,-7.7978052,-7.2156444,-21.9635199,1.213,0.477,-0.084,179.934,-0.343,-89.902,0.003,0.018,-0.112
16,Img//img16.jpg,97.565,-1.5970550,-11.2041249,142.2353134,0.278,-0.514,-0.070,179.934,-0.343,-89.902,0.003,0.018,-0.112
17,Img//img17.jpg,99.567,0.9331761,-13.4899580,-63.3356330,0.130,-1.824,-0.084,179.934,-0.343,-89.902,0.003,0.018,-0.112
18,Img//img18.jpg,101.569,-5.7208387,-5.3499631,33.4310572,0.771,-0.652,-0.085,179.934,-0.343,-89.902,0.003,0.018,-0.112
19,Img//img19.jpg,103.571,-8.1602357,-8.4804515,-77.4151339,0.920,0.809,-0.119,179.934,-0.343,-89.902,0.003,0.018,-0.112
20,Img//img20.jpg,105.573,-2.8727214,-10.6196620,142.1648234,0.274,-0.231,-0.079,179.934,-0.343,-89.902,0.003,0.018,-0.112
21,Img//img21.jpg,107.575,3.8670377,-9.0589033,-143.0272442,0.811,-1.890,-0.063,179.934,-0.343,-89.902,0.003,0.018,-0.112
22,Img//img22.jpg,110.544,-6.4843587,-7.6818454,41.4397850,0.765,-0.739,-0.111,179.934,-0.343,-89.902,0.003,0.018,-0.112
23,Img//img23.jpg,112.546,-10.0086201,-12.1110244,-72.8110772,0.955,0.557,-0.107,179.934,-0.343,-89.902,0.003,0.018,-0.112
24,Img//img24.jpg,114.548,-4.4833011,-8.4433723,147.9332670,0.179,-0.336,-0.100,179.934,-0.343,-89.902,0.003,0.018,-0.112
25,Img//img25.jpg,118.552,-5.3580954,-21.8953363,-57.0025759,-0.757,0.469,0.153,179.934,-0.343,-89.902,0.003,0.018,-0.112
26,Img//img26.jpg,120.554,-2.8136922,-11.0252466,-86.0734231,-2.197,0.868,0.515,179.934,-0.343,-89.902,0.003,0.018,-0.112
27,Img//img27.jpg,122.556,-1.3162274,-16.9198853,-96.8334740,-3.895,1.139,0.556,179.934,-0.343,-89.902,0.003,0.018,-0.112
28,Img//img28.jpg,123.557,-3.6431019,-13.0904123,-87.9604914,-5.079,1.271,0.554,179.934,-0.343,-89.902,0.003,0.018,-0.112
29,Img//img29.jpg,124.558,-1.1722468,-11.2305773,-70.6999488,-6.131,1.560,0.535,179.934,-0.343,-89.902,0.003,0.018,-0.112
30,Img//img30.jpg,126.560,-2.8867292,-10.2818813,3.2900379,-6.723,3.213,0.482,179.934,-0.343,-89.902,0.003,0.018,-0.112
31,Img//img31.jpg,127.561,-3.2618769,-11.3528698,14.9564379,-6.403,4.358,0.519,179.934,-0.343,-89.902,0.003,0.018,-0.112
32,Img//img32.jpg,128.562,-1.9302533,-8.4824602,3.0583325,-6.029,5.520,0.508,179.934,-0.343,-89.902,0.003,0.018,-0.112
33,Img//img33.jpg,129.563,-2.3988897,-8.0034558,7.6451514,-5.731,6.790,0.515,179.934,-0.343,-89.902,0.003,0.018,-0.112
34,Img//img34.jpg,130.564,-3.8636579,-7.6007760,4.6201457,-5.460,7.972,0.518,179.934,-0.343,-89.902,0.003,0.018,-0.112
35,Img//img35.jpg,131.565,-3.2290552,-4.4487987,2.1836209,-5.240,9.095,0.497,179.934,-0.343,-89.902,0.003,0.018,-0.112
36,Img//img36.jpg,132.566,-4.1338305,-7.4448367,-6.7755933,-5.131,10.215,0.504,179.934,-0.343,-89.902,0.003,0.018,-0.112
37,Img//img37.jpg,133.567,-4.3939271,-7.4400252,-39.9356024,-5.313,11.240,0.515,179.934,-0.343,-89.902,0.003,0.018,-0.112
38,Img//img38.jpg,134.568,-4.8012727,-10.5925370,-86.3432739,-6.097,11.927,0.540,179.934,-0.343,-89.902,0.003,0.018,-0.112
39,Img//img39.jpg,136.570,-16.3245613,-16.3260151,-152.5668496,-7.900,11.265,0.535,179.934,-0.343,-89.902,0.003,0.018,-0.112
40,Img//img40.jpg,138.572,-1.4205116,-10.0936436,117.0142385,-7.070,9.761,0.515,179.934,-0.343,-89.902,0.003,0.018,-0.112
41,Img//img41.jpg,139.573,-0.9883773,-10.3859609,165.8335525,-6.449,8.768,0.518,179.934,-0.343,-89.902,0.003,0.018,-0.112
42,Img//img42.jpg,140.574,-5.2670400,-9.5995470,-179.9543499,-6.372,7.608,0.520,179.934,-0.343,-89.902,0.003,0.018,-0.112
43,Img//img43.jpg,141.575,-2.7053173,-6.4756158,-178.0057187,-6.441,6.453,0.515,179.934,-0.343,-89.902,0.003,0.018,-0.112
44,Img//img44.jpg,142.543,-3.5533129,-6.5300517,178.1692585,-6.489,5.331,0.489,179.934,-0.343,-89.902,0.003,0.018,-0.112
45,Img//img45.jpg,143.544,-1.8098036,-8.6015551,178.6008550,-6.578,4.156,0.474,179.934,-0.343,-89.902,0.003,0.018,-0.112
46,Img//img46.jpg,144.545,-3.4002408,-8.3078787,-179.3959953,-6.698,3.024,0.467,179.934,-0.343,-89.902,0.003,0.018,-0.112
47,Img//img47.jpg,145.546,0.0084233,-10.9549946,-146.2835126,-7.102,2.073,0.494,179.934,-0.343,-89.902,0.003,0.018,-0.112
48,Img//img48.jpg,146.547,0.3421717,-14.1392146,-103.2442089,-8.130,1.525,0.439,179.934,-0.343,-89.902,0.003,0.018,-0.112
49,Img//img49.jpg,147.548,-2.7909623,-14.7425809,-90.5914784,-9.452,1.480,0.434,179.934,-0.343,-89.902,0.003,0.018,-0.112
50,Img//img50.jpg,148.549,-2.0416822,-13.2261356,-90.9535643,-10.791,1.628,0.393,179.934,-0.343,-89.902,0.003,0.018,-0.112
51,Img//img51.jpg,149.550,-0.5727688,-12.7329047,-94.2677997,-12.137,1.715,0.340,179.934,-0.343,-89.902,0.003,0.018,-0.112
52,Img//img52.jpg,150.551,-2.3574066,-12.1098115,-90.1806460,-13.456,1.747,0.295,179.934,-0.343,-89.902,0.003,0.018,-0.112
53,Img//img53.jpg,151.552,-3.0885209,-9.3095220,-92.5966140,-14.746,1.873,0.264,179.934,-0.343,-89.902,0.003,0.018,-0.112
54,Img//img54.jpg,152.553,-2.6172107,-1.3500161,-88.5396304,-15.900,1.996,0.166,179.934,-0.343,-89.902,0.003,0.018,-0.112
55,Img//img55.jpg,153.554,-3.0072718,-7.4280985,-44.1669755,-16.917,2.266,0.108,179.934,-0.343,-89.902,0.003,0.018,-0.112
56,Img//img56.jpg,155.556,-1.4895280,-9.8200312,-3.3016662,-17.340,4.196,0.152,179.934,-0.343,-89.902,0.003,0.018,-0.112
57,Img//img57.jpg,156.557,-4.6804973,-10.3875711,1.1638834,-17.202,5.469,0.129,179.934,-0.343,-89.902,0.003,0.018,-0.112
58,Img//img58.jpg,157.558,-2.9314133,-10.3175843,3.3062559,-16.971,6.786,0.063,179.934,-0.343,-89.902,0.003,0.018,-0.112
59,Img//img59.jpg,158.559,-3.0311313,-10.4619666,8.0768640,-16.637,8.087,0.105,179.934,-0.343,-89.902,0.003,0.018,-0.112
60,Img//img60.jpg,159.560,-1.3891375,-10.2709570,0.2103290,-16.297,9.364,0.130,179.934,-0.343,-89.902,0.003,0.018,-0.112
61,Img//img61.jpg,160.561,-3.1807786,-11.1434879,-0.9602570,-16.106,10.680,0.162,179.934,-0.343,-89.902,0.003,0.018,-0.112
62,Img//img62.jpg,161.562,-2.4816383,-10.6058942,0.0231294,-15.883,11.974,0.196,179.934,-0.343,-89.902,0.003,0.018,-0.112
63,Img//img63.jpg,162.563,-3.0495697,-12.5747969,-0.5676004,-15.708,13.341,0.190,179.934,-0.343,-89.902,0.003,0.018,-0.112
64,Img//img64.jpg,163.564,-1.7477481,-11.2959174,4.4284591,-15.517,14.680,0.216,179.934,-0.343,-89.902,0.003,0.018,-0.112
65,Img//img65.jpg,164.565,-3.5717351,-12.0421536,1.0692057,-15.316,16.011,0.224,179.934,-0.343,-89.902,0.003,0.018,-0.112
66,Img//img66.jpg,165.566,-4.2078517,-7.1474866,2.1937766,-15.080,17.266,0.230,179.934,-0.343,-89.902,0.003,0.018,-0.112
67,Img//img67.jpg,166.567,-5.5135248,-7.9128792,3.5118885,-14.858,18.457,0.232,179.934,-0.343,-89.902,0.003,0.018,-0.112
68,Img//img68.jpg,167.568,-7.4650760,-2.1394227,-20.1502615,-14.870,19.492,0.201,179.934,-0.343,-89.902,0.003,0.018,-0.112
69,Img//img69.jpg,169.570,-4.0734532,-8.5111226,-93.1041400,-16.784,20.345,0.196,179.934,-0.343,-89.902,0.003,0.018,-0.112
70,Img//img70.jpg,170.571,-2.2106138,-9.6439385,-93.4609607,-17.978,20.413,0.182,179.934,-0.343,-89.902,0.003,0.018,-0.112
71,Img//img71.jpg,171.572,-2.0139950,-9.6744651,-90.0359135,-19.220,20.571,0.177,179.934,-0.343,-89.902,0.003,0.018,-0.112
72,Img//img72.jpg,172.573,-3.9647196,-9.3619613,-90.0535544,-20.500,20.739,0.173,179.934,-0.343,-89.902,0.003,0.018,-0.112
73,Img//img73.jpg,173.574,-2.7231232,-8.2459756,-81.8065612,-21.743,20.900,0.154,179.934,-0.343,-89.902,0.003,0.018,-0.112
74,Img//img74.jpg,174.575,-5.2322278,-7.3953998,-83.6801773,-22.868,21.179,0.148,179.934,-0.343,-89.902,0.003,0.018,-0.112
75,Img//img75.jpg,175.576,-4.1198264,-6.9809729,-106.5192989,-23.930,21.208,0.119,179.934,-0.343,-89.902,0.003,0.018,-0.112
76,Img//img76.jpg,176.543,-6.0960859,-10.6611829,-157.3826101,-24.812,20.690,0.097,179.934,-0.343,-89.902,0.003,0.018,-0.112
77,Img//img77.jpg,177.544,-1.3108677,-11.5653589,171.8679254,-25.134,19.592,0.084,179.934,-0.343,-89.902,0.003,0.018,-0.112
78,Img//img78.jpg,178.545,-1.8357630,-11.0632649,177.2519172,-25.265,18.387,0.085,179.934,-0.343,-89.902,0.003,0.018,-0.112
79,Img//img79.jpg,179.546,-1.9079235,-10.2871882,176.1774237,-25.392,17.146,0.088,179.934,-0.343,-89.902,0.003,0.018,-0.112
80,Img//img80.jpg,180.547,-1.7179260,-11.0554703,177.6872457,-25.473,15.938,0.093,179.934,-0.343,-89.902,0.003,0.018,-0.112
81,Img//img81.jpg,181.548,-3.2776295,-12.0269397,177.6775497,-25.524,14.706,0.084,179.934,-0.343,-89.902,0.003,0.018,-0.112
82,Img//img82.jpg,182.549,-2.6440588,-11.2015704,-177.3637634,-25.581,13.537,0.068,179.934,-0.343,-89.902,0.003,0.018,-0.112
83,Img//img83.jpg,183.550,-0.7730322,-9.8642223,173.8486266,-25.622,12.382,0.043,179.934,-0.343,-89.902,0.003,0.018,-0.112
84,Img//img84.jpg,184.551,1.4202459,-8.6349562,165.8867404,-25.536,11.242,0.028,179.934,-0.343,-89.902,0.003,0.018,-0.112
85,Img//img85.jpg,185.552,3.1565705,-10.3613959,-166.3600151,-25.654,10.104,0.036,179.934,-0.343,-89.902,0.003,0.018,-0.112
86,Img//img86.jpg,186.553,-1.5483278,-7.8082583,-166.5427287,-25.983,9.060,0.029,179.934,-0.343,-89.902,0.003,0.018,-0.112
87,Img//img87.jpg,187.554,-0.3600205,-9.2962558,169.7377978,-26.159,7.948,0.030,179.934,-0.343,-89.902,0.003,0.018,-0.112
88,Img//img88.jpg,189.556,-2.8381914,-15.5687845,52.6183509,-25.429,7.187,0.026,179.934,-0.343,-89.902,0.003,0.018,-0.112
89,Img//img89.jpg,191.558,0.4951287,-9.5908284,94.0062867,-23.596,7.299,0.042,179.934,-0.343,-89.902,0.003,0.018,-0.112
90,Img//img90.jpg,192.559,-2.0161926,-10.0201719,85.6471727,-22.407,7.161,0.064,179.934,-0.343,-89.902,0.003,0.018,-0.112
91,Img//img91.jpg,193.560,1.9183873,-6.2942369,102.5996749,-21.317,6.850,0.087,179.934,-0.343,-89.902,0.003,0.018,-0.112
92,Img//img92.jpg,194.561,2.8091652,-8.9985234,160.0942268,-20.572,6.060,0.118,179.934,-0.343,-89.902,0.003,0.018,-0.112
93,Img//img93.jpg,195.562,-0.9071618,-10.4892868,-161.9271882,-20.660,4.935,0.119,179.934,-0.343,-89.902,0.003,0.018,-0.112
94,Img//img94.jpg,196.563,-5.5051111,-6.0144982,-175.7270459,-20.970,3.958,0.095,179.934,-0.343,-89.902,0.003,0.018,-0.112
95,Img//img95.jpg,197.564,-0.6231271,-6.8005616,-171.2450740,-21.150,2.939,-0.027,179.934,-0.343,-89.902,0.003,0.018,-0.112
96,Img//img96.jpg,198.565,1.1916649,-10.6067828,-126.0930047,-21.761,2.042,-0.039,179.934,-0.343,-89.902,0.003,0.018,-0.112
97,Img//img97.jpg,199.566,1.9606542,-12.3402359,-103.7240980,-22.878,1.602,-0.044,179.934,-0.343,-89.902,0.003,0.018,-0.112
98,Img//img98.jpg,200.567,-1.0433775,-9.0365932,-91.5310249,-24.066,1.520,-0.063,179.934,-0.343,-89.902,0.003,0.018,-0.112
99,Img//img99.jpg,201.568,-0.9385987,-10.7434805,-75.0411541,-25.276,1.743,-0.072,179.934,-0.343,-89.902,0.003,0.018,-0.112
100,Img//img100.jpg,202.569,-2.0121957,-10.8515625,-72.7122973,-26.396,2.199,-0.071,179.934,-0.343,-89.902,0.003,0.018,-0.112
101,Img//img101.jpg,203.570,-3.7591162,-10.2905350,-81.3990815,-27.392,2.643,-0.107,179.934,-0.343,-89.902,0.003,0.018,-0.112
102,Img//img102.jpg,205.572,-0.2728328,-12.5631437,-107.9102642,-29.143,2.789,-0.162,179.934,-0.343,-89.902,0.003,0.018,-0.112
103,Img//img103.jpg,207.574,2.7952874,-6.5140544,-6.7142478,-30.698,3.372,-0.158,179.934,-0.343,-89.902,0.003,0.018,-0.112
104,Img//img104.jpg,209.543,-4.7043233,-12.1960867,105.0914087,-29.332,3.193,-0.183,179.934,-0.343,-89.902,0.003,0.018,-0.112
105,Img//img105.jpg,210.544,-5.0464972,-11.7215565,90.2698601,-28.257,2.943,-0.117,179.934,-0.343,-89.902,0.003,0.018,-0.112
106,Img//img106.jpg,211.545,-2.4216949,-12.8622886,79.3922375,-27.007,2.946,-0.075,179.934,-0.343,-89.902,0.003,0.018,-0.112
107,Img//img107.jpg,212.546,-0.8935453,-11.0952335,83.1774469,-25.699,2.944,-0.046,179.934,-0.343,-89.902,0.003,0.018,-0.112
108,Img//img108.jpg,213.547,-3.3138668,-11.0977714,89.0742334,-24.413,2.868,-0.011,179.934,-0.343,-89.902,0.003,0.018,-0.112
109,Img//img109.jpg,214.548,-5.2050134,-10.3792340,83.4984341,-23.128,2.774,-0.010,179.934,-0.343,-89.902,0.003,0.018,-0.112
110,Img//img110.jpg,215.549,-7.5419187,-7.9211414,62.4340807,-22.048,2.981,-0.016,179.934,-0.343,-89.902,0.003,0.018,-0.112
111,Img//img111.jpg,216.550,-6.1006653,-8.9571895,16.0026247,-21.340,3.739,0.014,179.934,-0.343,-89.902,0.003,0.018,-0.112
112,Img//img112.jpg,217.551,-3.1392233,-7.9819409,33.9281546,-20.847,4.630,0.115,179.934,-0.343,-89.902,0.003,0.018,-0.112
113,Img//img113.jpg,219.553,-3.7753844,-7.8115718,47.9244801,-19.225,5.888,0.115,179.934,-0.343,-89.902,0.003,0.018,-0.112
114,Img//img114.jpg,220.554,-5.4809519,-11.0042949,44.6652096,-18.241,6.665,0.134,179.934,-0.343,-89.902,0.003,0.018,-0.112
115,Img//img115.jpg,221.555,-0.7121911,-8.7587700,22.6613007,-17.338,7.534,0.135,179.934,-0.343,-89.902,0.003,0.018,-0.112
116,Img//img116.jpg,222.556,-3.8028016,-12.8223577,18.9437580,-16.657,8.724,0.150,179.934,-0.343,-89.902,0.003,0.018,-0.112
117,Img//img117.jpg,223.557,-3.2551856,-10.2406470,10.7075917,-16.153,9.916,0.170,179.934,-0.343,-89.902,0.003,0.018,-0.112
118,Img//img118.jpg,224.558,-2.6880266,-10.1920663,22.0156870,-15.634,11.115,0.186,179.934,-0.343,-89.902,0.003,0.018,-0.112
119,Img//img119.jpg,225.592,-0.6818335,-7.9034786,54.8736707,-14.805,12.020,0.194,179.934,-0.343,-89.902,0.003,0.018,-0.112
120,Img//img120.jpg,227.561,-5.4242066,-5.8232488,26.9593440,-13.014,12.521,0.243,179.934,-0.343,-89.902,0.003,0.018,-0.112
121,Img//img121.jpg,229.563,2.9548254,-14.1301973,154.1419395,-11.302,12.409,0.245,179.934,-0.343,-89.902,0.003,0.018,-0.112
122,Img//img122.jpg,231.565,-1.6992700,-12.8539464,-86.7393211,-12.376,11.423,0.237,179.934,-0.343,-89.902,0.003,0.018,-0.112
123,Img//img123.jpg,232.566,-2.2333524,-11.5284442,-84.0506684,-13.408,11.718,0.132,179.934,-0.343,-89.902,0.003,0.018,-0.112
124,Img//img124.jpg,233.567,-5.1381934,-14.1945495,-86.8792515,-14.390,11.994,-0.009,179.934,-0.343,-89.902,0.003,0.018,-0.112
125,Img//img125.jpg,235.569,-1.0617283,-15.1262676,-12.2046166,-15.874,13.323,0.159,179.934,-0.343,-89.902,0.003,0.018,-0.112
126,Img//img126.jpg,236.570,-3.4682763,-11.6381211,5.5895239,-15.742,14.551,0.173,179.934,-0.343,-89.902,0.003,0.018,-0.112
127,Img//img127.jpg,237.571,-4.5448598,-12.0667319,1.9291448,-15.478,15.804,0.175,179.934,-0.343,-89.902,0.003,0.018,-0.112
128,Img//img128.jpg,238.572,-3.8373732,-9.2986332,8.4135789,-15.260,17.069,0.197,179.934,-0.343,-89.902,0.003,0.018,-0.112
129,Img//img129.jpg,239.573,-1.8203849,-8.6317533,31.0081073,-14.834,18.182,0.211,179.934,-0.343,-89.902,0.003,0.018,-0.112
130,Img//img130.jpg,241.575,0.9588018,-18.3694353,69.8714416,-13.770,18.894,0.040,179.934,-0.343,-89.902,0.003,0.018,-0.112
131,Img//img131.jpg,243.544,-2.0626664,-10.1040293,101.6215165,-12.325,18.394,0.208,179.934,-0.343,-89.902,0.003,0.018,-0.112
132,Img//img132.jpg,245.546,-6.3812259,-11.7621378,27.0550465,-10.727,18.634,0.209,179.934,-0.343,-89.902,0.003,0.018,-0.112
133,Img//img133.jpg,247.548,-2.8882288,-9.0716679,-26.8049453,-11.098,19.979,0.235,179.934,-0.343,-89.902,0.003,0.018,-0.112
134,Img//img134.jpg,249.550,-2.2408184,-7.1117509,20.5972341,-10.918,21.542,0.099,179.934,-0.343,-89.902,0.003,0.018,-0.112
135,Img//img135.jpg,251.552,-1.7632393,-11.3231941,90.3389105,-9.347,22.144,0.191,179.934,-0.343,-89.902,0.003,0.018,-0.112
136,Img//img136.jpg,253.554,-7.1626088,-9.2260726,-5.6016406,-7.706,22.448,0.256,179.934,-0.343,-89.902,0.003,0.018,-0.112
137,Img//img137.jpg,255.556,-3.1636952,-11.5939114,4.1018784,-6.691,22.750,0.256,179.934,-0.343,-89.902,0.003,0.018,-0.112
138,Img//img138.jpg,257.558,-5.7590333,-18.6975685,140.9478842,-5.061,22.476,0.289,179.934,-0.343,-89.902,0.003,0.018,-0.112
139,Img//img139.jpg,259.560,-4.0901279,-7.9138964,92.4095967,-3.233,22.309,0.284,179.934,-0.343,-89.902,0.003,0.018,-0.112
140,Img//img140.jpg,261.562,-2.2352079,-6.5532646,130.2395299,-1.547,22.277,0.317,179.934,-0.343,-89.902,0.003,0.018,-0.112
141,Img//img141.jpg,264.565,-3.4301383,-11.3038038,-88.9345099,-3.621,22.250,0.277,179.934,-0.343,-89.902,0.003,0.018,-0.112
142,Img//img142.jpg,265.566,-4.2632656,-7.9441764,-86.5288439,-4.773,22.406,0.256,179.934,-0.343,-89.902,0.003,0.018,-0.112
143,Img//img143.jpg,266.567,-2.2283521,-12.1513915,-97.9017206,-6.148,22.548,0.246,179.934,-0.343,-89.902,0.003,0.018,-0.112
144,Img//img144.jpg,267.568,-2.4207124,-10.3379072,-96.7611832,-7.415,22.460,0.237,179.934,-0.343,-89.902,0.003,0.018,-0.112
145,Img//img145.jpg,268.569,-2.4233475,-11.0647560,-103.0069829,-8.614,22.340,0.229,179.934,-0.343,-89.902,0.003,0.018,-0.112
146,Img//img146.jpg,269.570,-1.0976489,-12.8559474,-81.6587773,-9.871,22.361,0.216,179.934,-0.343,-89.902,0.003,0.018,-0.112
147,Img//img147.jpg,270.571,-1.6322784,-10.5521109,-86.2247803,-11.019,22.629,0.200,179.934,-0.343,-89.902,0.003,0.018,-0.112
148,Img//img148.jpg,272.573,-3.6352277,-15.2450816,145.7266235,-11.908,22.044,0.195,179.934,-0.343,-89.902,0.003,0.018,-0.112
149,Img//img149.jpg,274.575,2.5296845,-9.2194401,175.0227883,-11.074,20.461,0.187,179.934,-0.343,-89.902,0.003,0.018,-0.112
150,Img//img150.jpg,275.576,-0.0723108,-12.1789407,-135.9392972,-11.610,19.485,0.253,179.934,-0.343,-89.902,0.003,0.018,-0.112
151,Img//img151.jpg,276.543,-1.6225992,-9.6327420,-113.6233947,-12.662,18.986,0.187,179.934,-0.343,-89.902,0.003,0.018,-0.112
152,Img//img152.jpg,277.544,-4.0286808,-6.4459977,-100.7608172,-13.630,18.846,0.107,179.934,-0.343,-89.902,0.003,0.018,-0.112
153,Img//img153.jpg,279.546,-2.1805424,-7.8887893,-57.9204292,-15.226,19.430,0.205,179.934,-0.343,-89.902,0.003,0.018,-0.112
154,Img//img154.jpg,281.548,-4.7538758,4.0942862,14.0276148,-15.717,21.140,0.060,179.934,-0.343,-89.902,0.003,0.018,-0.112
155,Img//img155.jpg,283.550,-9.4241041,-11.2320074,-9.9589546,-14.798,22.823,0.126,179.934,-0.343,-89.902,0.003,0.018,-0.112
156,Img//img156.jpg,285.552,-2.7887777,-7.4679302,-87.8866244,-16.246,24.050,0.093,179.934,-0.343,-89.902,0.003,0.018,-0.112
157,Img//img157.jpg,286.553,-0.9115119,-7.3263883,-90.3407464,-17.397,24.284,0.064,179.934,-0.343,-89.902,0.003,0.018,-0.112
158,Img//img158.jpg,287.554,-4.6575368,-9.0208138,-91.2057918,-18.510,24.394,0.071,179.934,-0.343,-89.902,0.003,0.018,-0.112
159,Img//img159.jpg,288.555,-3.1163360,-7.9330483,-95.1815697,-19.593,24.425,0.066,179.934,-0.343,-89.902,0.003,0.018,-0.112
160,Img//img160.jpg,290.557,-4.7692879,-11.4895785,163.5377874,-20.937,23.491,0.044,179.934,-0.343,-89.902,0.003,0.018,-0.112
161,Img//img161.jpg,292.559,-1.7413425,-11.5883648,87.4042473,-19.312,22.454,0.067,179.934,-0.343,-89.902,0.003,0.018,-0.112
162,Img//img162.jpg,293.560,-2.5819638,-7.8648205,87.8529952,-18.162,22.327,0.185,179.934,-0.343,-89.902,0.003,0.018,-0.112
163,Img//img163.jpg,294.561,-5.7050626,-12.0998737,94.9843762,-16.916,22.161,0.138,179.934,-0.343,-89.902,0.003,0.018,-0.112
164,Img//img164.jpg,295.562,-3.4329743,-9.4573035,134.2127560,-15.968,21.683,0.093,179.934,-0.343,-89.902,0.003,0.018,-0.112
165,Img//img165.jpg,296.563,-3.5353189,-20.9865207,167.2549594,-15.490,20.763,0.114,179.934,-0.343,-89.902,0.003,0.018,-0.112
166,Img//img166.jpg,298.565,-2.0379554,-12.3577647,-100.4171174,-16.879,19.495,0.180,179.934,-0.343,-89.902,0.003,0.018,-0.112
167,Img//img167.jpg,299.566,-3.2877069,-12.2861534,-88.7461259,-18.124,19.574,0.167,179.934,-0.343,-89.902,0.003,0.018,-0.112
168,Img//img168.jpg,300.567,-2.6921977,-11.9868043,-85.8452698,-19.413,19.829,0.154,179.934,-0.343,-89.902,0.003,0.018,-0.112
169,Img//img169.jpg,301.568,-0.6095405,-11.7455033,-85.1156510,-20.646,20.172,0.161,179.934,-0.343,-89.902,0.003,0.018,-0.112
170,Img//img170.jpg,302.569,-3.7675997,-12.7433122,-76.3122743,-21.877,20.508,0.149,179.934,-0.343,-89.902,0.003,0.018,-0.112
171,Img//img171.jpg,303.570,-5.1637647,-8.6551779,-55.5605784,-22.907,21.079,0.144,179.934,-0.343,-89.902,0.003,0.018,-0.112
172,Img//img172.jpg,305.572,-8.8355932,-10.0208343,21.8174059,-23.276,22.737,0.001,179.934,-0.343,-89.902,0.003,0.018,-0.112
173,Img//img173.jpg,306.573,-6.0745582,-13.2315602,-46.6527961,-23.375,23.730,-0.010,179.934,-0.343,-89.902,0.003,0.018,-0.112
174,Img//img174.jpg,307.574,-3.0044798,-10.5908007,-77.0525722,-24.172,24.527,-0.025,179.934,-0.343,-89.902,0.003,0.018,-0.112
175,Img//img175.jpg,308.575,-3.6911998,-12.3445262,-96.7883449,-25.224,24.963,-0.046,179.934,-0.343,-89.902,0.003,0.018,-0.112
176,Img//img176.jpg,309.543,-3.7644382,-11.0195858,-92.2489611,-26.344,25.173,-0.071,179.934,-0.343,-89.902,0.003,0.018,-0.112
177,Img//img177.jpg,310.544,-2.8896211,-13.0910127,-107.2620800,-27.541,25.221,-0.079,179.934,-0.343,-89.902,0.003,0.018,-0.112
178,Img//img178.jpg,311.545,-4.8275531,-12.6510302,-155.4301538,-28.451,24.688,-0.089,179.934,-0.343,-89.902,0.003,0.018,-0.112
179,Img//img179.jpg,313.547,1.5013569,-9.1097040,153.8516659,-28.943,23.015,-0.081,179.934,-0.343,-89.902,0.003,0.018,-0.112
180,Img//img180.jpg,317.551,-1.7566483,-16.2803993,175.5578518,-28.988,21.552,-0.131,179.934,-0.343,-89.902,0.003,0.018,-0.112
181,Img//img181.jpg,321.555,-1.5283938,-10.4212799,108.4567931,-27.724,21.078,-0.066,179.934,-0.343,-89.902,0.003,0.018,-0.112
182,Img//img182.jpg,325.559,-1.7850777,-5.2941637,-121.5263716,-29.311,20.844,-0.107,179.934,-0.343,-89.902,0.003,0.018,-0.112
183,Img//img183.jpg,328.562,-3.0819640,-8.6921767,105.9510637,-27.162,20.527,-0.074,179.934,-0.343,-89.902,0.003,0.018,-0.112
184,Img//img184.jpg,330.564,-1.7611796,-13.8555906,112.7691108,-25.481,20.005,-0.036,179.934,-0.343,-89.902,0.003,0.018,-0.112
185,Img//img185.jpg,331.565,2.4897784,-10.1472191,162.0435753,-25.043,19.019,0.059,179.934,-0.343,-89.902,0.003,0.018,-0.112
186,Img//img186.jpg,332.566,1.3567168,-9.1245543,-166.8616763,-25.159,17.833,0.064,179.934,-0.343,-89.902,0.003,0.018,-0.112
187,Img//img187.jpg,333.567,-4.8798565,-9.9668576,-141.3077065,-25.750,16.873,0.066,179.934,-0.343,-89.902,0.003,0.018,-0.112
188,Img//img188.jpg,335.569,-2.0777787,-11.4935574,-57.2451681,-27.457,16.768,-0.090,179.934,-0.343,-89.902,0.003,0.018,-0.112
189,Img//img189.jpg,336.570,-6.9315898,-9.6998849,-75.7660750,-28.361,17.279,-0.088,179.934,-0.343,-89.902,0.003,0.018,-0.112
190,Img//img190.jpg,337.571,-5.6484132,-9.7999696,-139.9466432,-29.396,17.121,-0.129,179.934,-0.343,-89.902,0.003,0.018,-0.112
191,Img//img191.jpg,339.573,-4.9570707,-7.4896738,100.6520209,-29.432,15.623,-0.136,179.934,-0.343,-89.902,0.003,0.018,-0.112
192,Img//img192.jpg,340.574,-4.7512577,-11.4685895,65.9995135,-28.388,15.613,-0.124,179.934,-0.343,-89.902,0.003,0.018,-0.112
193,Img//img193.jpg,341.575,-3.8472035,-9.5499857,42.7595728,-27.367,16.164,-0.083,179.934,-0.343,-89.902,0.003,0.018,-0.112
194,Img//img194.jpg,343.544,4.7765379,-17.2222651,137.4388995,-25.613,16.177,0.029,179.934,-0.343,-89.902,0.003,0.018,-0.112
195,Img//img195.jpg,344.545,0.6602249,-14.3428497,177.6118744,-25.199,14.998,0.056,179.934,-0.343,-89.902,0.003,0.018,-0.112
196,Img//img196.jpg,345.546,0.4292618,-9.8489474,-154.2209008,-25.481,13.817,0.048,179.934,-0.343,-89.902,0.003,0.018,-0.112
197,Img//img197.jpg,347.548,-10.5037985,-6.1912867,-84.4037372,-26.750,12.988,-0.236,179.934,-0.343,-89.902,0.003,0.018,-0.112
198,Img//img198.jpg,349.583,-4.8811154,-9.8537264,-60.3075058,-28.151,13.750,-0.124,179.934,-0.343,-89.902,0.003,0.018,-0.112
199,Img//img199.jpg,351.552,-4.9351230,-8.0700821,-142.1797506,-29.561,14.216,-0.135,179.934,-0.343,-89.902,0.003,0.018,-0.112
200,Img//img200.jpg,354.555,1.4158332,-10.7699394,114.6287843,-28.563,13.249,-0.099,179.934,-0.343,-89.902,0.003,0.018,-0.112
201,Img//img201.jpg,356.557,-4.8007122,-10.3860903,45.2463932,-27.290,12.879,-0.077,179.934,-0.343,-89.902,0.003,0.018,-0.112
202,Img//img202.jpg,358.559,2.2728429,-11.2713725,127.1042020,-25.731,12.635,0.061,179.934,-0.343,-89.902,0.003,0.018,-0.112
203,Img//img203.jpg,359.560,-0.7913895,-12.6467356,173.4789008,-25.252,11.599,0.058,179.934,-0.343,-89.902,0.003,0.018,-0.112
204,Img//img204.jpg,360.561,-1.3715177,-11.2394133,-157.4557691,-25.411,10.470,0.045,179.934,-0.343,-89.902,0.003,0.018,-0.112
205,Img//img205.jpg,361.562,-3.9535129,-10.7731950,-111.7266044,-26.103,9.734,0.026,179.934,-0.343,-89.902,0.003,0.018,-0.112
206,Img//img206.jpg,363.564,-1.2513664,-8.0694552,-47.3659519,-27.715,9.883,-0.125,179.934,-0.343,-89.902,0.003,0.018,-0.112
207,Img//img207.jpg,364.565,-7.8580913,-10.6947488,-78.4433222,-28.627,10.452,-0.171,179.934,-0.343,-89.902,0.003,0.018,-0.112
208,Img//img208.jpg,366.567,-3.2460561,-8.1286504,171.6872350,-30.083,9.408,-0.215,179.934,-0.343,-89.902,0.003,0.018,-0.112
209,Img//img209.jpg,368.569,-3.3818395,-7.0291494,-176.9824278,-30.052,7.666,-0.258,179.934,-0.343,-89.902,0.003,0.018,-0.112
210,Img//img210.jpg,369.570,-3.9538981,-8.8865240,-173.4477117,-30.404,6.610,-0.210,179.934,-0.343,-89.902,0.003,0.018,-0.112
211,Img//img211.jpg,371.572,-6.3055884,-10.6230359,59.2325352,-29.508,5.520,-0.195,179.934,-0.343,-89.902,0.003,0.018,-0.112
212,Img//img212.jpg,373.574,-5.0507623,-5.7569922,61.2929698,-27.925,6.377,-0.115,179.934,-0.343,-89.902,0.003,0.018,-0.112
213,Img//img213.jpg,376.543,0.7687381,-15.3650589,-74.4434703,-29.095,5.459,-0.122,179.934,-0.343,-89.902,0.003,0.018,-0.112
214,Img//img214.jpg,377.544,0.7614526,-11.2576171,-46.7501037,-30.022,6.156,-0.101,179.934,-0.343,-89.902,0.003,0.018,-0.112
215,Img//img215.jpg,378.545,-0.3174638,-10.4137484,0.8385670,-30.340,7.239,-0.100,179.934,-0.343,-89.902,0.003,0.018,-0.112
216,Img//img216.jpg,380.547,-4.1329361,-12.9638951,52.0970490,-29.115,8.964,-0.231,179.934,-0.343,-89.902,0.003,0.018,-0.112
217,Img//img217.jpg,381.548,-3.5838595,-8.9780287,71.0789232,-27.987,9.453,-0.153,179.934,-0.343,-89.902,0.003,0.018,-0.112
218,Img//img218.jpg,382.549,-0.6194677,-5.4139273,88.2812277,-26.803,9.542,-0.127,179.934,-0.343,-89.902,0.003,0.018,-0.112
219,Img//img219.jpg,383.550,-2.7775572,-9.8128976,106.1751440,-25.530,9.322,0.048,179.934,-0.343,-89.902,0.003,0.018,-0.112
220,Img//img220.jpg,384.551,-2.8253167,-9.7110473,86.8869054,-24.358,9.131,0.064,179.934,-0.343,-89.902,0.003,0.018,-0.112
221,Img//img221.jpg,385.552,-2.8831642,-10.3039557,73.3882718,-23.147,9.279,0.090,179.934,-0.343,-89.902,0.003,0.018,-0.112
222,Img//img222.jpg,386.553,-2.9360480,-7.1757076,66.2251026,-22.058,9.581,0.094,179.934,-0.343,-89.902,0.003,0.018,-0.112
223,Img//img223.jpg,387.554,-2.8134292,-7.1429765,59.3859841,-20.935,9.933,0.096,179.934,-0.343,-89.902,0.003,0.018,-0.112
224,Img//img224.jpg,388.555,-3.6327176,-9.9931573,53.1728113,-19.793,10.413,0.102,179.934,-0.343,-89.902,0.003,0.018,-0.112
225,Img//img225.jpg,389.556,-3.7711080,-9.4448772,59.0508831,-18.761,10.898,0.140,179.934,-0.343,-89.902,0.003,0.018,-0.112
226,Img//img226.jpg,391.558,1.0633051,-8.4117408,138.3907140,-17.088,10.699,0.182,179.934,-0.343,-89.902,0.003,0.018,-0.112
227,Img//img227.jpg,393.560,-1.9442089,-12.6480656,-178.1628634,-16.956,8.671,0.163,179.934,-0.343,-89.902,0.003,0.018,-0.112
228,Img//img228.jpg,394.561,-1.7190273,-11.8717721,-178.8612933,-17.070,7.484,0.173,179.934,-0.343,-89.902,0.003,0.018,-0.112
229,Img//img229.jpg,395.562,-2.4159662,-9.4229988,-177.9527851,-17.156,6.277,0.212,179.934,-0.343,-89.902,0.003,0.018,-0.112
230,Img//img230.jpg,396.563,-1.0184769,-8.7747204,177.8675405,-17.235,5.083,0.215,179.934,-0.343,-89.902,0.003,0.018,-0.112
231,Img//img231.jpg,397.564,-2.3771504,-4.0901143,171.5314934,-17.303,3.942,0.114,179.934,-0.343,-89.902,0.003,0.018,-0.112
232,Img//img232.jpg,398.565,-0.3519268,-8.1409136,153.8880856,-17.285,2.823,0.065,179.934,-0.343,-89.902,0.003,0.018,-0.112
233,Img//img233.jpg,400.567,-8.1126247,-3.3312080,79.7254492,-15.870,2.002,0.015,179.934,-0.343,-89.902,0.003,0.018,-0.112
234,Img//img234.jpg,401.568,-4.1188523,-9.5986214,97.5573618,-14.580,2.034,0.295,179.934,-0.343,-89.902,0.003,0.018,-0.112
235,Img//img235.jpg,402.569,-7.7813340,-7.9946480,145.3217048,-13.400,1.970,0.312,179.934,-0.343,-89.902,0.003,0.018,-0.112
236,Img//img236.jpg,403.570,-5.9688325,-7.9994830,98.2711169,-12.445,1.698,0.309,179.934,-0.343,-89.902,0.003,0.018,-0.112
237,Img//img237.jpg,404.571,-2.2110251,-6.7028049,92.5299699,-11.323,1.455,0.326,179.934,-0.343,-89.902,0.003,0.018,-0.112
238,Img//img238.jpg,405.572,-3.9150264,-7.5059449,113.3445380,-10.289,1.186,0.372,179.934,-0.343,-89.902,0.003,0.018,-0.112
239,Img//img239.jpg,407.574,-3.5310976,-6.6289679,120.7889240,-8.671,0.854,0.416,179.934,-0.343,-89.902,0.003,0.018,-0.112
240,Img//img240.jpg,410.544,-2.2974981,-7.0984374,173.7951001,-8.819,-1.046,0.430,179.934,-0.343,-89.902,0.003,0.018,-0.112
241,Img//img241.jpg,411.545,-2.9547808,-7.3399944,168.6503015,-8.773,-2.198,0.416,179.934,-0.343,-89.902,0.003,0.018,-0.112
242,Img//img242.jpg,412.546,-0.8879309,-6.1653194,174.7181215,-8.749,-3.315,0.389,179.934,-0.343,-89.902,0.003,0.018,-0.112
243,Img//img243.jpg,414.548,-0.8078474,-3.9453919,-55.2109579,-9.538,-4.546,0.279,179.934,-0.343,-89.902,0.003,0.018,-0.112
244,Img//img244.jpg,416.550,-3.5529978,-6.4012003,11.1401871,-9.135,-3.294,0.330,179.934,-0.343,-89.902,0.003,0.018,-0.112
245,Img//img245.jpg,417.551,-4.6380607,-7.5978948,-9.9471448,-9.008,-2.106,0.416,179.934,-0.343,-89.902,0.003,0.018,-0.112
246,Img//img246.jpg,418.552,-0.1183304,-8.0238467,-0.9313709,-8.924,-0.896,0.421,179.934,-0.343,-89.902,0.003,0.018,-0.112
247,Img//img247.jpg,419.553,-2.2779018,-6.6062126,43.9693949,-8.413,0.155,0.435,179.934,-0.343,-89.902,0.003,0.018,-0.112
248,Img//img248.jpg,420.554,-2.0011153,-3.5316472,64.3305858,-7.458,0.766,0.445,179.934,-0.343,-89.902,0.003,0.018,-0.112
249,Img//img249.jpg,421.555,-2.0563235,-6.6016123,83.6601433,-6.264,0.962,0.474,179.934,-0.343,-89.902,0.003,0.018,-0.112
250,Img//img250.jpg,422.556,-4.5826255,-8.2408772,81.6229659,-4.999,0.968,0.530,179.934,-0.343,-89.902,0.003,0.018,-0.112
251,Img//img251.jpg,423.557,-4.1951266,-6.1264379,78.2462866,-3.838,1.039,0.516,179.934,-0.343,-89.902,0.003,0.018,-0.112
252,Img//img252.jpg,425.559,-2.4872002,-4.6694051,110.9972643,-1.790,0.714,0.505,179.934,-0.343,-89.902,0.003,0.018,-0.112
253,Img//img253.jpg,427.561,-4.4279964,5.7501635,94.0256063,-0.570,0.315,0.061,179.934,-0.343,-89.902,0.003,0.018,-0.112
254,Img//img254.jpg,473.574,1.5266526,-6.2862010,116.3296057,0.453,-0.132,-0.114,179.934,-0.343,-89.902,0.003,0.018,-0.112
255,Img//img255.jpg,475.576,4.7072199,-8.5643934,-130.1418952,0.772,-1.780,-0.064,179.934,-0.343,-89.902,0.003,0.018,-0.112
256,Img//img256.jpg,477.544,0.1116722,-12.2520754,33.5319841,0.238,-0.767,-0.088,179.934,-0.343,-89.902,0.003,0.018,-0.112
257,Img//img257.jpg,479.546,-10.0312203,-10.0222544,-47.6618182,0.992,0.685,-0.115,179.934,-0.343,-89.902,0.003,0.018,-0.112
258,Img//img258.jpg,481.548,-2.5891813,-8.9551359,146.3702173,0.243,-0.051,-0.079,179.934,-0.343,-89.902,0.003,0.018,-0.112
259,Img//img259.jpg,482.549,0.8809490,-6.9161836,147.0750340,0.755,-1.009,-0.047,179.934,-0.343,-89.902,0.003,0.018,-0.112
260,Img//img260.jpg,484.551,-0.4753789,-14.7523171,-36.7150910,0.033,-1.837,-0.114,179.934,-0.343,-89.902,0.003,0.018,-0.112
261,Img//img261.jpg,486.553,-7.3801113,-9.5396520,35.4988992,0.794,-0.118,-0.079,179.934,-0.343,-89.902,0.003,0.018,-0.112
262,Img//img262.jpg,491.558,3.2132027,-9.4020797,158.4110336,0.840,-1.444,-0.084,179.934,-0.343,-89.902,0.003,0.018,-0.112
263,Img//img263.jpg,493.560,3.1280491,-10.7248687,-37.2180244,-0.159,-2.256,-0.101,179.934,-0.343,-89.902,0.003,0.018,-0.112
264,Img//img264.jpg,495.562,-5.9630779,-5.1289302,42.3078724,0.734,-0.698,-0.110,179.934,-0.343,-89.902,0.003,0.018,-0.112
265,Img//img265.jpg,497.564,-8.8895706,-18.8618010,-64.9209394,0.990,0.900,-0.086,179.934,-0.343,-89.902,0.003,0.018,-0.112
266,Img//img266.jpg,499.566,-5.8748313,-7.8357891,161.5656262,0.050,0.365,-0.093,179.934,-0.343,-89.902,0.003,0.018,-0.112
267,Img//img267.jpg,501.568,1.0662511,-7.6366437,160.0496622,0.935,-1.363,-0.079,179.934,-0.343,-89.902,0.003,0.018,-0.112
268,Img//img268.jpg,503.570,-1.8466641,-11.0905484,-39.8589381,-0.175,-2.450,-0.107,179.934,-0.343,-89.902,0.003,0.018,-0.112
269,Img//img269.jpg,505.572,-5.3972397,-9.9249642,38.4551593,0.674,-0.939,-0.075,179.934,-0.343,-89.902,0.003,0.018,-0.112
270,Img//img270.jpg,507.574,-7.0430190,-5.5852225,-44.4054304,1.235,0.707,-0.121,179.934,-0.343,-89.902,0.003,0.018,-0.112
271,Img//img271.jpg,509.543,-0.6193031,-7.9791519,169.2665906,0.237,0.268,-0.056,179.934,-0.343,-89.902,0.003,0.018,-0.112
272,Img//img272.jpg,511.545,0.9668664,-1.0488142,158.9450255,0.833,-1.454,-0.101,179.934,-0.343,-89.902,0.003,0.018,-0.112
273,Img//img273.jpg,513.547,1.9567438,-13.5281803,-32.6224133,-0.047,-2.079,-0.094,179.934,-0.343,-89.902,0.003,0.018,-0.112
